figure collide x y w h r g b angle
земля
r;0;-5000;-5000;12000;12000;200;200;200;0
дорога
r;0;-100;-2000;300;4000;60;60;60;0
r;0;-100;-2000;4000;300;60;60;60;0
r;0;3600;-2000;300;4000;60;60;60;0
r;0;-100;1700;4000;300;60;60;60;0
стена
r;1;-100;200;300;50;200;60;60;0
внешняя стена
r;1;-150;-2050;50;4100;100;100;100;0
r;1;-150;-2050;4100;50;100;100;100;0
r;1;3900;-2050;50;4100;100;100;100;0
r;1;-150;2000;4100;50;100;100;100;0
внутренняя стена
r;1;200;-1700;50;3400;100;100;100;0
r;1;200;-1700;3400;50;100;100;100;0
r;1;3550;-1700;50;3400;100;100;100;0
r;1;200;1700;3400;50;100;100;100;0
финиш
f;0;-100;300;300;50;40;200;40;0
